parking_id,P Grote Markt,P Hoogstraat,P Kathedraal,P Keerdok,P Komet,P Maarten,P Tinel
P Grote Markt,1.0,0.283,0.768,0.662,-0.223,-0.408,0.685
P Hoogstraat,0.283,1.0,0.413,0.654,0.266,-0.015,0.401
P Kathedraal,0.768,0.413,1.0,0.836,-0.321,-0.575,0.629
P Keerdok,0.662,0.654,0.836,1.0,-0.198,-0.574,0.596
P Komet,-0.223,0.266,-0.321,-0.198,1.0,0.803,0.152
P Maarten,-0.408,-0.015,-0.575,-0.574,0.803,1.0,-0.154
P Tinel,0.685,0.401,0.629,0.596,0.152,-0.154,1.0
